# Truss Input File
#
# Number of joints, bar, reactions, and external loads
21  57  7  1
#
# Magnet joints and their coordinates
001     0.000     0.000     0.000
002     8.000     0.000     0.000
003     0.000     6.000     0.000
004     8.000     6.000     0.000
005    16.000     0.000     0.000
006    16.000     6.000     0.000
007    24.000     0.000     0.000
008    24.000     6.000     0.000
009     4.000     0.000     6.000
010     4.000     6.000     6.000
011    12.000     0.000     6.000
012    12.000     6.000     6.000
013    20.000     0.000     6.000
014    20.000     6.000     6.000
015    32.000     0.000     0.000
016    32.000     6.000     0.000
017    28.000     0.000     6.000
018    28.000     6.000     6.000
019    24.000     3.000     9.000
020    16.000     3.000     9.000
021     8.000     3.000     9.000
#
# Rigid rods and their associated joints
001  001  002
002  001  003
003  002  004
004  003  004
005  002  005
006  004  006
007  005  007
008  006  008
009  007  008
010  005  006
011  001  009
012  002  009
013  002  011
014  011  012
015  003  010
016  004  010
017  004  012
018  009  010
019  011  005
020  012  006
021  009  011
022  010  012
023  013  014
024  011  013
025  012  014
026  008  014
027  006  014
028  007  013
029  005  013
030  007  015
031  008  016
032  015  016
033  016  018
034  008  018
035  007  017
036  017  018
037  001  004
038  005  008
039  015  017
040  017  013
041  018  014
042  019  018
043  017  019
044  014  019
045  013  019
046  020  013
047  020  014
048  020  011
049  020  012
050  021  009
051  016  007
052  021  010
053  021  011
054  021  012
055  002  006
056  020  005
057  020  006
#
# Reaction Forces
000    0.000     0.000     0.000
003    0.544     0.544     0.639
015    0.544     0.544     0.639
016    0.544     0.544     0.639
001    0.577     0.577     0.577
015    0.577     0.577     0.577
001    0.000     0.000     0.000
#
# External Loads
000    0.000     0.000     0.000
# End.