3-D Truss analysis
------------------

Date: 21-Oct-2018 22:22:49

Input file: ryantruss.inp

Joints:         Joint-id  x-coordinate y-coordinate z-coordinate
                1         8.00         0.00         0.00
                2         8.00         6.00         0.00
                3         8.00         3.00         5.20
                4        16.00         0.00         0.00
                5        16.00         6.00         0.00
                6        24.00         0.00         0.00
                7        24.00         6.00         0.00
                8        16.00         3.00         5.20
                9        24.00         3.00         5.20
               10        32.00         0.00         0.00
               11        32.00         6.00         0.00
               12        40.00         0.00         0.00
               13        40.00         6.00         0.00
               14        32.00         3.00         5.20
               15        40.00         3.00         5.20
               16        48.66         3.00         0.00


External loads: Joint-id  Force-x      Force-y      Force-z
                1         0.00         0.00        -4.62
                2         0.00         0.00        -4.62
                3         0.00         0.00        -4.62
                4         0.00         0.00        -7.39
                5         0.00         0.00        -7.39
                6         0.00         0.00        -7.39
                7         0.00         0.00        -7.39
                8         0.00         0.00        -7.39
                9         0.00         0.00        -7.39
               10         0.00         0.00        -7.41
               11         0.00         0.00        -7.39
               12         0.00         0.00        -6.08
               13         0.00         0.00        -6.06
               14         0.00         0.00        -7.39
               15         0.00         0.00        -6.17
               16         0.00         0.00        -4.38

Bars:           Bar-id    Joint-i      Joint-j     Force    (T,C)
                1         1            2          14.377     (T)
                2         1            3          28.233     (C)
                3         2            3           2.669     (C)
                4         4            1           0.234     (T)
                5         4            5           4.264     (C)
                6         4            6          51.350     (T)
                7         6            7           4.264     (C)
                8         7            5          33.920     (T)
                9         5            2          33.716     (T)
               10         4            8           4.264     (C)
               11         5            8           8.529     (T)
               12         8            3          34.087     (C)
               13         8            9          85.041     (C)
               14         9            6           8.529     (T)
               15         9            7           4.264     (C)
               16         6           10          51.146     (T)
               17        10           12          33.992     (T)
               18        12           13          15.197     (C)
               19        13           11          50.943     (T)
               20        11            7          50.759     (T)
               21        11           10           4.280     (C)
               22         9           14         102.042     (C)
               23        14           15          84.766     (C)
               24        15           13          19.867     (T)
               25        15           12           7.023     (T)
               26        14           10           4.264     (C)
               27        14           11           8.529     (T)
               28         1            5           0.128     (T)
               29         5            6           0.128     (C)
               30         6           11           0.128     (T)
               31        11           12           0.102     (C)
               32         3            4          42.608     (T)
               33         4            9          21.286     (C)
               34         9           10           0.035     (C)
               35        10           15          21.408     (T)
               36        13           14          21.458     (C)
               37        14            7           0.136     (T)
               38         7            8          21.185     (T)
               39         8            2          42.507     (C)
               40        15           16          78.881     (C)
               41        12           16          35.887     (T)
               42        13           16          35.746     (T)

Reactions:      Joint-id  Uvec-x       Uvec-y      Uvec-z     Force
               16         0.50         0.50         0.00       -0.807
               16         0.01         0.01         1.00       44.965
                1         0.50         0.50         0.00       -1.254
                1         0.01         0.01         1.00       29.073
                2         0.50        -0.50         0.00        0.000
                2         0.01         0.01         1.00       29.020
