3-D Truss analysis
------------------

Date: 31-Oct-2018 17:26:40

Input file: Design2.inp

Joints:         Joint-id  x-coordinate y-coordinate z-coordinate
                1         0.00         0.00         0.00
                2         0.00         6.00         0.00
                3         0.00         3.00         5.20
                4         8.00         0.00         0.00
                5         8.00         6.00         0.00
                6        16.00         0.00         0.00
                7        16.00         6.00         0.00
                8         8.00         3.00         5.20
                9        16.00         3.00         5.20
               10        24.00         0.00         0.00
               11        24.00         6.00         0.00
               12        32.00         0.00         0.00
               13        32.00         6.00         0.00
               14        24.00         3.00         5.20
               15        32.00         3.00         5.20


External loads: Joint-id  Force-x      Force-y      Force-z
                1         0.00         0.00        -0.09
                2         0.00         0.00        -0.09
                3         0.00         0.00        -0.09
                4         0.00         0.00        -0.13
                5         0.00         0.00        -0.13
                6         0.00         0.00        -0.09
                7         0.00         0.00        -0.09
                8         0.00         0.00        -0.13
                9         0.00         0.00        -0.09
               10         0.00         0.00        -0.02
               11         0.00         0.00        -0.02
               12         0.00         0.00        -0.02
               13         0.00         0.00        -0.02
               14         0.00         0.00        -0.02
               15         0.00         0.00        -0.02

Bars:           Bar-id    Joint-i      Joint-j     Force    (T,C)
                1         1            2           0.054     (C)
                2         1            3           0.721     (C)
                3         2            3           0.054     (C)
                4         4            1           0.553     (C)
                5         4            5           0.072     (C)
                6         4            6           0.935     (T)
                7         6            7           0.054     (C)
                8         7            5           0.889     (T)
                9         5            2           0.218     (C)
               10         4            8           0.072     (C)
               11         5            8           0.145     (T)
               12         8            3           0.889     (C)
               13         8            9           0.164     (C)
               14         9            6           0.109     (T)
               15         9            7           0.054     (C)
               16         6           10           0.172     (C)
               17        10           12           0.553     (T)
               18        12           13           0.291     (T)
               19        13           11           0.763     (T)
               20        11            7           0.343     (C)
               21        11           10           0.010     (C)
               22         9           14           1.145     (C)
               23        14           15           0.343     (T)
               24        15           13           0.010     (C)
               25        15           12           0.248     (T)
               26        14           10           0.010     (C)
               27        14           11           0.019     (T)
               28         1            5           0.691     (T)
               29         5            6           0.691     (C)
               30         6           11           0.691     (T)
               31        11           12           0.691     (C)
               32         3            4           1.111     (T)
               33         4            9           0.749     (C)
               34         9           10           0.477     (T)
               35        10           15           0.429     (C)
               36        13           14           0.954     (C)
               37        14            7           0.906     (T)
               38         7            8           0.634     (C)
               39         8            2           0.272     (T)

Reactions:      Joint-id  Uvec-x       Uvec-y      Uvec-z     Force
                1         0.71         0.71         0.00       -0.010
                1         0.01         0.01         1.00        0.718
                2         0.71        -0.71         0.00       -0.000
                2         0.01         0.01         1.00       -0.000
               13         0.00         0.00         1.00        0.521
               12         0.00         0.00         1.00       -0.198
