3-D Truss analysis
------------------

Date: 03-Nov-2018 17:26:39

Input file: Design2_100fail.inp

Joints:         Joint-id  x-coordinate y-coordinate z-coordinate
                1         0.00         0.00         0.00
                2         0.00         7.00         0.00
                3         0.00         3.50         6.06
                4         9.00         0.00         0.00
                5         9.00         7.00         0.00
                6        18.00         0.00         0.00
                7        18.00         7.00         0.00
                8         9.00         3.50         6.06
                9        18.00         3.50         6.06
               10        27.00         0.00         0.00
               11        27.00         7.00         0.00
               12        36.00         0.00         0.00
               13        36.00         7.00         0.00
               14        27.00         3.50         6.06
               15        36.00         3.50         6.06


External loads: Joint-id  Force-x      Force-y      Force-z
                1         0.00         0.00        -0.28
                2         0.00         0.00        -0.28
                3         0.00         0.00        -0.38
                4         0.00         0.00        -0.79
                5         0.00         0.00        -0.79
                6         0.00         0.00        -0.69
                7         0.00         0.00        -0.69
                8         0.00         0.00        -0.40
                9         0.00         0.00        -0.40
               10         0.00         0.00        -0.79
               11         0.00         0.00        -0.79
               12         0.00         0.00        -0.28
               13         0.00         0.00        -0.28
               14         0.00         0.00        -0.40
               15         0.00         0.00        -0.28

Bars:           Bar-id    Joint-i      Joint-j     Force    (T,C)
                1         1            2           0.163     (C)
                2         1            3           4.057     (C)
                3         2            3           0.220     (C)
                4         4            1           2.819     (C)
                5         4            5           0.454     (C)
                6         4            6           5.590     (T)
                7         6            7           0.396     (C)
                8         7            5           4.934     (T)
                9         5            2           0.703     (C)
               10         4            8           0.228     (C)
               11         5            8           0.907     (T)
               12         8            3           4.934     (C)
               13         8            9           2.068     (C)
               14         9            6           0.792     (T)
               15         9            7           0.228     (C)
               16         6           10           0.047     (C)
               17        10           12           2.819     (T)
               18        12           13           2.000     (T)
               19        13           11           4.934     (T)
               20        11            7           0.703     (C)
               21        11           10           0.454     (C)
               22         9           14           7.705     (C)
               23        14           15           0.703     (T)
               24        15           13           0.163     (C)
               25        15           12           0.383     (T)
               26        14           10           0.228     (C)
               27        14           11           0.907     (T)
               28         1            5           3.571     (T)
               29         5            6           3.571     (C)
               30         6           11           3.571     (T)
               31        11           12           3.571     (C)
               32         3            4           6.251     (T)
               33         4            9           4.401     (C)
               34         9           10           2.740     (T)
               35        10           15           0.891     (C)
               36        13           14           6.251     (C)
               37        14            7           4.401     (T)
               38         7            8           2.740     (C)
               39         8            2           0.891     (T)

Reactions:      Joint-id  Uvec-x       Uvec-y      Uvec-z     Force
                1         0.71         0.71         0.00       -0.054
                1         0.01         0.01         1.00        3.797
                2         0.71        -0.71         0.00        0.000
                2         0.01         0.01         1.00       -0.000
               13         0.00         0.00         1.00        3.748
               12         0.00         0.00         1.00       -0.049
