3-D Truss analysis
------------------

Date: 29-Oct-2018 20:04:21

Input file: Design2.inp

Joints:         Joint-id  x-coordinate y-coordinate z-coordinate
                1         0.00         0.00         0.00
                2         0.00         6.00         0.00
                3         0.00         3.00         5.20
                4         8.00         0.00         0.00
                5         8.00         6.00         0.00
                6        16.00         0.00         0.00
                7        16.00         6.00         0.00
                8         8.00         3.00         5.20
                9        16.00         3.00         5.20
               10        24.00         0.00         0.00
               11        24.00         6.00         0.00
               12        32.00         0.00         0.00
               13        32.00         6.00         0.00
               14        24.00         3.00         5.20
               15        32.00         3.00         5.20


External loads: Joint-id  Force-x      Force-y      Force-z
                1         0.00         0.00         0.00

Bars:           Bar-id    Joint-i      Joint-j     Force    (T,C)
                1         1            2           0.000     (C)
                2         1            3           0.000     (C)
                3         2            3           0.000     (C)
                4         4            1           0.000     (C)
                5         4            5           0.000     (C)
                6         4            6           0.000     (C)
                7         6            7           0.000     (C)
                8         7            5           0.000     (C)
                9         5            2           0.000     (C)
               10         4            8           0.000     (C)
               11         5            8           0.000     (C)
               12         8            3           0.000     (C)
               13         8            9           0.000     (C)
               14         9            6           0.000     (C)
               15         9            7           0.000     (C)
               16         6           10           0.000     (C)
               17        10           12           0.000     (C)
               18        12           13           0.000     (C)
               19        13           11           0.000     (C)
               20        11            7           0.000     (C)
               21        11           10           0.000     (C)
               22         9           14           0.000     (C)
               23        14           15           0.000     (C)
               24        15           13           0.000     (C)
               25        15           12           0.000     (C)
               26        14           10           0.000     (C)
               27        14           11           0.000     (C)
               28         1            5           0.000     (C)
               29         5            6           0.000     (C)
               30         6           11           0.000     (C)
               31        11           12           0.000     (C)
               32         3            4           0.000     (C)
               33         4            9           0.000     (C)
               34         9           10           0.000     (C)
               35        10           15           0.000     (C)
               36        13           14           0.000     (C)
               37        14            7           0.000     (C)
               38         7            8           0.000     (C)
               39         8            2           0.000     (C)

Reactions:      Joint-id  Uvec-x       Uvec-y      Uvec-z     Force
                1         0.71         0.71         0.00        0.000
                1         0.01         0.01         1.00        0.000
                2         0.71        -0.71         0.00        0.000
                2         0.01         0.01         1.00       -0.000
               13         0.00         0.00         1.00        0.000
               12         0.00         0.00         1.00       -0.000
