# Truss Input File
#
# Number of joints, bar, reactions, and external loads
7  15  6  1
#
# Magnet joints and their coordinates
001     0.000     0.000     0.000
002     0.000    12.000     0.000
003     0.000     6.000    10.390
004    16.000     6.000    10.390
005    16.000     0.000     0.000
006    16.000    12.000     0.000
007    23.211     6.000     3.214
#
# Rigid rods and their associated joints
001  002  006
002  005  001
003  001  002
004  002  003
005  003  001
006  006  004
007  004  005
008  006  005
009  002  004
010  005  003
011  001  006
012  003  004
013  006  007
014  005  007
015  004  007
#
# Reaction Forces
007    0.500     0.500     0.000
007    0.010     0.010     1.000
001    0.500     0.500     0.000
001    0.010     0.010     1.000
003    0.500    -0.500     0.000
003    0.010     0.010     1.000
#
# External Loads
001    0.000     0.000     0.000
# End.