3-D Truss analysis
------------------

Date: 04-Nov-2018 16:22:59

Input file: Design1_100fail.inp

Joints:         Joint-id  x-coordinate y-coordinate z-coordinate
                1         0.00         0.00         0.00
                2         8.00         0.00         0.00
                3         8.00         0.00         6.00
                4        16.00         0.00         0.00
                5        16.00         0.00        12.00
                6        24.00         0.00         0.00
                7        24.00         0.00         6.00
                8        32.00         0.00         0.00
                9         0.00         8.00         0.00
               10         8.00         8.00         0.00
               11         8.00         8.00         6.00
               12        16.00         8.00         0.00
               13        16.00         8.00        12.00
               14        24.00         8.00         0.00
               15        24.00         8.00         6.00
               16        32.00         8.00         0.00


External loads: Joint-id  Force-x      Force-y      Force-z
                1         0.00         0.00        -0.32
                2         0.00         0.00        -0.85
                3         0.00         0.00        -0.52
                4         0.00         0.00        -1.06
                5         0.00         0.00        -0.30
                6         0.00         0.00        -0.85
                7         0.00         0.00        -0.52
                8         0.00         0.00        -0.32
                9         0.00         0.00        -0.33
               10         0.00         0.00        -1.02
               11         0.00         0.00        -0.34
               12         0.00         0.00        -0.89
               13         0.00         0.00        -0.49
               14         0.00         0.00        -1.02
               15         0.00         0.00        -0.34
               16         0.00         0.00        -0.33

Bars:           Bar-id    Joint-i      Joint-j     Force    (T,C)
                1         1            2           1.154     (T)
                2         1            3           0.534     (T)
                3         2            3           0.846     (T)
                4         2            4           1.154     (T)
                5         3            4           1.140     (C)
                6         3            5           2.280     (C)
                7         4            5           2.432     (T)
                8         4            6           4.318     (T)
                9         6            7           0.846     (T)
               10         5            7           2.280     (C)
               11         7            8           7.375     (C)
               12         6            8           4.318     (T)
               13         9           10           5.892     (T)
               14         4            7           1.140     (C)
               15         9           11           5.388     (C)
               16        10           11           1.020     (T)
               17        11           12           1.130     (C)
               18        10           12           2.729     (T)
               19        12           13           2.247     (T)
               20        11           13           4.258     (C)
               21        12           14           2.729     (T)
               22        14           15           1.020     (T)
               23        13           15           0.303     (C)
               24        15           16           1.433     (C)
               25        14           16           0.435     (C)
               26         1            9           1.582     (T)
               27         2           10           0.000     (T)
               28         4           12           0.000     (C)
               29         6           14           0.000     (C)
               30         8           16           1.582     (C)
               31         3           11           0.000     (C)
               32         5           13           0.000     (C)
               33         7           15           0.000     (C)
               34        12           15           1.130     (C)
               35         1           10           2.237     (C)
               36        10            4           2.237     (T)
               37         4           14           2.237     (C)
               38        14            8           2.237     (T)
               39         9            3           2.532     (C)
               40         3           13           2.532     (T)
               41        13            7           2.532     (C)
               42         7           16           2.532     (T)

Reactions:      Joint-id  Uvec-x       Uvec-y      Uvec-z     Force
                1         0.10         0.10         1.00        0.000
                1         0.71        -0.71         0.00        0.000
                8         0.00         0.00         1.00        4.746
                9         0.00         0.00         1.00        4.746
                9         0.71        -0.71         0.00       -0.000
               16         0.10         0.10         0.99        0.000
