3-D Truss analysis
------------------

Date: 21-Oct-2018 23:27:59

Input file: Design1.inp

Joints:         Joint-id  x-coordinate y-coordinate z-coordinate
                1         0.00         0.00         0.00
                2         8.00         0.00         0.00
                3         8.00         0.00         6.00
                4        16.00         0.00         0.00
                5        16.00         0.00        12.00
                6        24.00         0.00         0.00
                7        24.00         0.00         6.00
                8        32.00         0.00         0.00
                9         0.00         8.00         0.00
               10         8.00         8.00         0.00
               11         8.00         8.00         6.00
               12        16.00         8.00         0.00
               13        16.00         8.00        12.00
               14        24.00         8.00         0.00
               15        24.00         8.00         6.00
               16        32.00         8.00         0.00


External loads: Joint-id  Force-x      Force-y      Force-z
                1         0.00         0.00        -0.16
                2         0.00         0.00        -0.13
                3         0.00         0.00        -0.29
                4         0.00         0.00        -0.32
                5         0.00         0.00        -0.20
                6         0.00         0.00        -0.16
                7         0.00         0.00        -0.34
                8         0.00         0.00        -0.16
                9         0.00         0.00        -0.17
               10         0.00         0.00        -0.22
               11         0.00         0.00        -0.19
               12         0.00         0.00        -0.24
               13         0.00         0.00        -0.27
               14         0.00         0.00        -0.22
               15         0.00         0.00        -0.19
               16         0.00         0.00        -0.17

Bars:           Bar-id    Joint-i      Joint-j     Force    (T,C)
                1         1            2           0.366     (T)
                2         1            3           0.243     (T)
                3         2            3           0.134     (T)
                4         2            4           0.366     (T)
                5         3            4           0.352     (C)
                6         3            5           0.819     (C)
                7         4            5           0.784     (T)
                8         4            6           1.553     (T)
                9         6            7           0.160     (T)
               10         5            7           0.819     (C)
               11         7            8           2.651     (C)
               12         6            8           1.553     (T)
               13         9           10           2.021     (T)
               14         4            7           0.417     (C)
               15         9           11           1.814     (C)
               16        10           11           0.222     (T)
               17        11           12           0.342     (C)
               18        10           12           0.887     (T)
               19        12           13           0.645     (T)
               20        11           13           1.472     (C)
               21        12           14           0.887     (T)
               22        14           15           0.222     (T)
               23        13           15           0.058     (C)
               24        15           16           0.400     (C)
               25        14           16           0.248     (C)
               26         1            9           0.570     (T)
               27         2           10           0.000     (C)
               28         4           12           0.000     (C)
               29         6           14           0.000     (C)
               30         8           16           0.567     (C)
               31         3           11           0.000     (C)
               32         5           13           0.000     (C)
               33         7           15           0.000     (T)
               34        12           15           0.342     (C)
               35         1           10           0.802     (C)
               36        10            4           0.802     (T)
               37         4           14           0.802     (C)
               38        14            8           0.802     (T)
               39         9            3           0.905     (C)
               40         3           13           0.905     (T)
               41        13            7           0.905     (C)
               42         7           16           0.905     (T)

Reactions:      Joint-id  Uvec-x       Uvec-y      Uvec-z     Force
                1         0.10         0.10         1.00        0.016
                1         0.71        -0.71         0.00        0.007
                8         0.00         0.00         1.00        1.752
                9         0.00         0.00         1.00        1.680
                9         0.71        -0.71         0.00       -0.007
               16         0.10         0.10         0.99       -0.017
